{
  "R_root_from_source": [
    [
      0.0,
      -1.0,
      0.0
    ],
    [
      -1.0,
      0.0,
      0.0
    ],
    [
      0.0,
      0.0,
      -1.0
    ]
  ],
  "animation_amplitude_excluded": [
    "left_ankle",
    "right_ankle",
    "left_boot",
    "right_boot"
  ],
  "bones": [
    {
      "blender_name": "pelvis",
      "parent_name": "root",
      "parent_raw_rest_matrix_root_m": [
        [
          0.0,
          -1.0,
          0.0,
          0.04944999888539314
        ],
        [
          -1.0,
          0.0,
          -1.5099580252808664e-07,
          0.0
        ],
        [
          1.5099580252808664e-07,
          0.0,
          -1.0,
          1.0914649963378906
        ],
        [
          0.0,
          0.0,
          0.0,
          1.0
        ]
      ],
      "parent_rest_matrix_root_m": [
        [
          0.0,
          -1.0000000000000002,
          -2.6469779601696886e-23,
          0.04944999888539314
        ],
        [
          -0.9999999999999887,
          2.220446049250313e-16,
          -1.5099580252808492e-07,
          0.0
        ],
        [
          1.5099580252808492e-07,
          0.0,
          -0.9999999999999886,
          1.0914649963378906
        ],
        [
          0.0,
          0.0,
          0.0,
          1.0
        ]
      ],
      "parent_rigidization_frobenius_residual": 1.6096702442120748e-14,
      "raw_rest_matrix_root_m": [
        [
          1.7871442992145603e-08,
          0.2818281352519989,
          0.959464967250824,
          1.862645149230957e-08
        ],
        [
          -1.0,
          -1.4210854715202004e-14,
          1.8626490572160037e-08,
          0.0
        ],
        [
          5.249418677522044e-09,
          -0.959464967250824,
          0.28182828426361084,
          -2.4885109706392072e-14
        ],
        [
          0.0,
          0.0,
          0.0,
          1.0
        ]
      ],
      "rest_matrix_root_m": [
        [
          1.7871450571712782e-08,
          0.281828186761061,
          0.9594648889599734,
          1.862645149230957e-08
        ],
        [
          -1.0000000000000002,
          1.5155183584250327e-14,
          1.8626472038043442e-08,
          0.0
        ],
        [
          5.249450275703283e-09,
          -0.9594648889599734,
          0.281828186761061,
          -2.4885109706392072e-14
        ],
        [
          0.0,
          0.0,
          0.0,
          1.0
        ]
      ],
      "rigidization_frobenius_residual": 1.5626530413132533e-07,
      "semantic": "pelvis"
    },
    {
      "blender_name": "spine_03",
      "parent_name": "spine_02",
      "parent_raw_rest_matrix_root_m": [
        [
          1.2977103835964954e-07,
          0.022533729672431946,
          0.9997461438179016,
          0.053935013711452484
        ],
        [
          -1.0,
          -8.881784197001252e-16,
          1.2980402175344352e-07,
          -2.039032132497413e-15
        ],
        [
          2.924920750047022e-09,
          -0.9997462034225464,
          0.022533871233463287,
          -0.26300501823425293
        ],
        [
          0.0,
          0.0,
          0.0,
          1.0
        ]
      ],
      "parent_rest_matrix_root_m": [
        [
          1.2977104626325367e-07,
          0.02253379838174087,
          0.9997460817279928,
          0.053935013711452484
        ],
        [
          -0.9999999999999918,
          3.2303361683886256e-14,
          1.2980400503426545e-07,
          -2.039032132497413e-15
        ],
        [
          2.924944917607749e-09,
          -0.9997460817280011,
          0.02253379838174066,
          -0.26300501823425293
        ],
        [
          0.0,
          0.0,
          0.0,
          1.0
        ]
      ],
      "parent_rigidization_frobenius_residual": 1.6939026464479797e-07,
      "raw_rest_matrix_root_m": [
        [
          4.991457558389811e-08,
          -0.22455403208732605,
          0.9744616746902466,
          0.05738501250743866
        ],
        [
          -1.0,
          0.0,
          5.1222755814706034e-08,
          -2.1750156488825655e-15
        ],
        [
          -1.1502336860758078e-08,
          -0.9744617938995361,
          -0.2245539128780365,
          -0.41606998443603516
        ],
        [
          0.0,
          0.0,
          0.0,
          1.0
        ]
      ],
      "rest_matrix_root_m": [
        [
          4.9914593006341914e-08,
          -0.22455395472464534,
          0.9744616572331204,
          0.05738501250743866
        ],
        [
          -0.9999999999999988,
          3.670795614543676e-14,
          5.1222745069462356e-08,
          -2.1750156488825655e-15
        ],
        [
          -1.1502305699661332e-08,
          -0.9744616572331217,
          -0.22455395472464507,
          -0.41606998443603516
        ],
        [
          0.0,
          0.0,
          0.0,
          1.0
        ]
      ],
      "rigidization_frobenius_residual": 1.6345819984449763e-07,
      "semantic": "chest"
    },
    {
      "blender_name": "Head",
      "parent_name": "neck_01",
      "parent_raw_rest_matrix_root_m": [
        [
          2.3176170316219213e-08,
          0.2896721363067627,
          0.9571259617805481,
          0.0018400177359580994
        ],
        [
          -1.0,
          0.0,
          2.4214378058218244e-08,
          -2.1750156488825655e-15
        ],
        [
          7.0141683572444435e-09,
          -0.9571260809898376,
          0.289672315120697,
          -0.6571098566055298
        ],
        [
          0.0,
          0.0,
          0.0,
          1.0
        ]
      ],
      "parent_rest_matrix_root_m": [
        [
          2.3176189047324544e-08,
          0.28967219397107674,
          0.9571259165020989,
          0.0018400177359580994
        ],
        [
          -0.9999999999999999,
          2.6166159794720634e-14,
          2.4214349346282292e-08,
          -2.1750156488825655e-15
        ],
        [
          7.01419870953339e-09,
          -0.9571259165020994,
          0.2896721939710769,
          -0.6571098566055298
        ],
        [
          0.0,
          0.0,
          0.0,
          1.0
        ]
      ],
      "parent_rigidization_frobenius_residual": 2.1704551953884213e-07,
      "raw_rest_matrix_root_m": [
        [
          -7.748556640763127e-08,
          0.028966188430786133,
          0.9995803833007812,
          0.02944002114236355
        ],
        [
          -1.0,
          8.881784197001252e-16,
          -7.751805952693758e-08,
          -2.1750156488825655e-15
        ],
        [
          -2.2454784698311414e-09,
          -0.9995805621147156,
          0.02896633744239807,
          -0.7483049631118774
        ],
        [
          0.0,
          0.0,
          0.0,
          1.0
        ]
      ],
      "rest_matrix_root_m": [
        [
          -7.748554944213675e-08,
          0.028966260535185473,
          0.9995803898389574,
          0.02944002114236355
        ],
        [
          -0.9999999999999974,
          3.2027578502990774e-14,
          -7.751807753911117e-08,
          -2.1750156488825655e-15
        ],
        [
          -2.245440851758219e-09,
          -0.9995803898389604,
          0.02896626053518564,
          -0.7483049631118774
        ],
        [
          0.0,
          0.0,
          0.0,
          1.0
        ]
      ],
      "rigidization_frobenius_residual": 2.020778248860349e-07,
      "semantic": "head"
    },
    {
      "blender_name": "upperarm_l",
      "parent_name": "clavicle_l",
      "parent_raw_rest_matrix_root_m": [
        [
          0.8770620822906494,
          -0.48037683963775635,
          -0.00033017992973327637,
          0.08797501027584076
        ],
        [
          -0.4803769886493683,
          -0.8770618438720703,
          -0.0005952750216238201,
          -0.03610999882221222
        ],
        [
          -3.56137752532959e-06,
          0.0006806552410125732,
          -0.9999998807907104,
          -0.6281300783157349
        ],
        [
          0.0,
          0.0,
          0.0,
          1.0
        ]
      ],
      "parent_rest_matrix_root_m": [
        [
          0.8770621086328408,
          -0.4803768818437052,
          -0.00033013729473599374,
          0.08797501027584076
        ],
        [
          -0.4803769952730657,
          -0.8770619066322423,
          -0.000595270557443392,
          -0.03610999882221222
        ],
        [
          -3.59663093357776e-06,
          0.0006806796119909475,
          -0.9999997683311386,
          -0.6281300783157349
        ],
        [
          0.0,
          0.0,
          0.0,
          1.0
        ]
      ],
      "parent_rigidization_frobenius_residual": 1.50928924679302e-07,
      "raw_rest_matrix_root_m": [
        [
          8.301335037685931e-05,
          -0.030264994129538536,
          0.9995418787002563,
          -0.025759994983673096
        ],
        [
          -2.496119122952223e-06,
          -0.9995418787002563,
          -0.030265046283602715,
          -0.2206849753856659
        ],
        [
          1.0000001192092896,
          -4.237517714500427e-08,
          -8.297167369164526e-05,
          -0.582360029220581
        ],
        [
          0.0,
          0.0,
          0.0,
          1.0
        ]
      ],
      "rest_matrix_root_m": [
        [
          8.297286255587455e-05,
          -0.030265021133111192,
          0.9995419058805473,
          -0.025759994983673096
        ],
        [
          -2.5248059703220083e-06,
          -0.9995419093243731,
          -0.03026502102779971,
          -0.2206849753856659
        ],
        [
          0.9999999965545648,
          -1.2473941574109304e-08,
          -8.30112667675742e-05,
          -0.582360029220581
        ],
        [
          0.0,
          0.0,
          0.0,
          1.0
        ]
      ],
      "rigidization_frobenius_residual": 1.516961738773798e-07,
      "semantic": "left_shoulder"
    },
    {
      "blender_name": "upperarm_r",
      "parent_name": "clavicle_r",
      "parent_raw_rest_matrix_root_m": [
        [
          -0.8770621418952942,
          -0.48037680983543396,
          -0.00032967329025268555,
          0.08797501027584076
        ],
        [
          -0.4803769886493683,
          0.8770618438720703,
          0.0005955363740213215,
          0.03610999882221222
        ],
        [
          2.995133399963379e-06,
          0.0006806179881095886,
          -0.9999998211860657,
          -0.6281300783157349
        ],
        [
          0.0,
          0.0,
          0.0,
          1.0
        ]
      ],
      "parent_rest_matrix_root_m": [
        [
          -0.877062121883097,
          -0.4803768580022854,
          -0.00032962671529654375,
          0.08797501027584076
        ],
        [
          -0.48037697108494615,
          0.8770619197103902,
          0.0005955209291554076,
          0.03610999882221222
        ],
        [
          3.02856688316408e-06,
          0.0006806539328324535,
          -0.9999997683504985,
          -0.6281300783157349
        ],
        [
          0.0,
          0.0,
          0.0,
          1.0
        ]
      ],
      "parent_rigidization_frobenius_residual": 1.2802219252107115e-07,
      "raw_rest_matrix_root_m": [
        [
          -8.304175571538508e-05,
          -0.03026505373418331,
          0.9995418787002563,
          -0.0257599875330925
        ],
        [
          -2.488552127033472e-06,
          0.9995419383049011,
          0.03026510588824749,
          0.2206849753856659
        ],
        [
          -1.0000001192092896,
          2.270098775625229e-09,
          -8.299044566228986e-05,
          -0.582360029220581
        ],
        [
          0.0,
          0.0,
          0.0,
          1.0
        ]
      ],
      "rest_matrix_root_m": [
        [
          -8.299712235743106e-05,
          -0.030265079781255255,
          0.9995419041027307,
          -0.0257599875330925
        ],
        [
          -2.4989965224514465e-06,
          0.9995419075485699,
          0.03026507967808728,
          0.2206849753856659
        ],
        [
          -0.9999999965526166,
          1.4062778844192714e-08,
          -8.303473433138309e-05,
          -0.582360029220581
        ],
        [
          0.0,
          0.0,
          0.0,
          1.0
        ]
      ],
      "rigidization_frobenius_residual": 1.4900703015553286e-07,
      "semantic": "right_shoulder"
    },
    {
      "blender_name": "lowerarm_l",
      "parent_name": "upperarm_l",
      "parent_raw_rest_matrix_root_m": [
        [
          8.301335037685931e-05,
          -0.030264994129538536,
          0.9995418787002563,
          -0.025759994983673096
        ],
        [
          -2.496119122952223e-06,
          -0.9995418787002563,
          -0.030265046283602715,
          -0.2206849753856659
        ],
        [
          1.0000001192092896,
          -4.237517714500427e-08,
          -8.297167369164526e-05,
          -0.582360029220581
        ],
        [
          0.0,
          0.0,
          0.0,
          1.0
        ]
      ],
      "parent_rest_matrix_root_m": [
        [
          8.297286255587455e-05,
          -0.030265021133111192,
          0.9995419058805473,
          -0.025759994983673096
        ],
        [
          -2.5248059703220083e-06,
          -0.9995419093243731,
          -0.03026502102779971,
          -0.2206849753856659
        ],
        [
          0.9999999965545648,
          -1.2473941574109304e-08,
          -8.30112667675742e-05,
          -0.582360029220581
        ],
        [
          0.0,
          0.0,
          0.0,
          1.0
        ]
      ],
      "parent_rigidization_frobenius_residual": 1.516961738773798e-07,
      "raw_rest_matrix_root_m": [
        [
          -2.2582971723750234e-06,
          0.03161130100488663,
          0.9995002746582031,
          -0.034499987959861755
        ],
        [
          -1.660669113334734e-08,
          -0.9995001554489136,
          0.03161124885082245,
          -0.509334921836853
        ],
        [
          1.0000001192092896,
          0.0,
          2.34043545788154e-06,
          -0.582360029220581
        ],
        [
          0.0,
          0.0,
          0.0,
          1.0
        ]
      ],
      "rest_matrix_root_m": [
        [
          -2.298781307141784e-06,
          0.03161127567706229,
          0.999500238741735,
          -0.034499987959861755
        ],
        [
          -4.529544772591265e-08,
          -0.9995002387443778,
          0.03161127567704178,
          -0.509334921836853
        ],
        [
          0.9999999999973571,
          2.7394598756114164e-08,
          2.2990643113868225e-06,
          -0.582360029220581
        ],
        [
          0.0,
          0.0,
          0.0,
          1.0
        ]
      ],
      "rigidization_frobenius_residual": 1.6948392941114748e-07,
      "semantic": "left_elbow"
    },
    {
      "blender_name": "lowerarm_r",
      "parent_name": "upperarm_r",
      "parent_raw_rest_matrix_root_m": [
        [
          -8.304175571538508e-05,
          -0.03026505373418331,
          0.9995418787002563,
          -0.0257599875330925
        ],
        [
          -2.488552127033472e-06,
          0.9995419383049011,
          0.03026510588824749,
          0.2206849753856659
        ],
        [
          -1.0000001192092896,
          2.270098775625229e-09,
          -8.299044566228986e-05,
          -0.582360029220581
        ],
        [
          0.0,
          0.0,
          0.0,
          1.0
        ]
      ],
      "parent_rest_matrix_root_m": [
        [
          -8.299712235743106e-05,
          -0.030265079781255255,
          0.9995419041027307,
          -0.0257599875330925
        ],
        [
          -2.4989965224514465e-06,
          0.9995419075485699,
          0.03026507967808728,
          0.2206849753856659
        ],
        [
          -0.9999999965526166,
          1.4062778844192714e-08,
          -8.303473433138309e-05,
          -0.582360029220581
        ],
        [
          0.0,
          0.0,
          0.0,
          1.0
        ]
      ],
      "parent_rigidization_frobenius_residual": 1.4900703015553286e-07,
      "raw_rest_matrix_root_m": [
        [
          2.2500535123981535e-06,
          0.03161130100488663,
          0.9995002746582031,
          -0.03449999541044235
        ],
        [
          -5.309220796334557e-08,
          0.9995002746582031,
          -0.03161124885082245,
          0.509334921836853
        ],
        [
          -1.0000001192092896,
          0.0,
          2.3404863895848393e-06,
          -0.582360029220581
        ],
        [
          0.0,
          0.0,
          0.0,
          1.0
        ]
      ],
      "rest_matrix_root_m": [
        [
          2.2946849306537676e-06,
          0.031611273793867745,
          0.9995002388013039,
          -0.03449999541044235
        ],
        [
          -6.353900702804616e-08,
          0.9995002388039382,
          -0.031611273793805406,
          0.509334921836853
        ],
        [
          -0.9999999999973654,
          9.030660885755992e-09,
          2.2955466850438366e-06,
          -0.582360029220581
        ],
        [
          0.0,
          0.0,
          0.0,
          1.0
        ]
      ],
      "rigidization_frobenius_residual": 1.494909673423332e-07,
      "semantic": "right_elbow"
    },
    {
      "blender_name": "hand_l",
      "parent_name": "lowerarm_l",
      "parent_raw_rest_matrix_root_m": [
        [
          -2.2582971723750234e-06,
          0.03161130100488663,
          0.9995002746582031,
          -0.034499987959861755
        ],
        [
          -1.660669113334734e-08,
          -0.9995001554489136,
          0.03161124885082245,
          -0.509334921836853
        ],
        [
          1.0000001192092896,
          0.0,
          2.34043545788154e-06,
          -0.582360029220581
        ],
        [
          0.0,
          0.0,
          0.0,
          1.0
        ]
      ],
      "parent_rest_matrix_root_m": [
        [
          -2.298781307141784e-06,
          0.03161127567706229,
          0.999500238741735,
          -0.034499987959861755
        ],
        [
          -4.529544772591265e-08,
          -0.9995002387443778,
          0.03161127567704178,
          -0.509334921836853
        ],
        [
          0.9999999999973571,
          2.7394598756114164e-08,
          2.2990643113868225e-06,
          -0.582360029220581
        ],
        [
          0.0,
          0.0,
          0.0,
          1.0
        ]
      ],
      "parent_rigidization_frobenius_residual": 1.6948392941114748e-07,
      "raw_rest_matrix_root_m": [
        [
          1.2468012755562086e-07,
          1.30385160446167e-07,
          1.0,
          -0.025759994983673096
        ],
        [
          5.737739883215909e-08,
          -0.9999999403953552,
          7.82310962677002e-08,
          -0.7856799364089966
        ],
        [
          1.0000001192092896,
          0.0,
          -4.371167960925959e-08,
          -0.582360029220581
        ],
        [
          0.0,
          0.0,
          0.0,
          1.0
        ]
      ],
      "rest_matrix_root_m": [
        [
          8.419589886399237e-08,
          1.043081331308926e-07,
          0.999999999999991,
          -0.025759994983673096
        ],
        [
          2.86887019695925e-08,
          -0.9999999999999943,
          1.0430813107698e-07,
          -0.7856799364089966
        ],
        [
          0.9999999999999963,
          2.868869311556388e-08,
          -8.419590172281666e-08,
          -0.582360029220581
        ],
        [
          0.0,
          0.0,
          0.0,
          1.0
        ]
      ],
      "rigidization_frobenius_residual": 1.5507294781430793e-07,
      "semantic": "left_wrist"
    },
    {
      "blender_name": "hand_r",
      "parent_name": "lowerarm_r",
      "parent_raw_rest_matrix_root_m": [
        [
          2.2500535123981535e-06,
          0.03161130100488663,
          0.9995002746582031,
          -0.03449999541044235
        ],
        [
          -5.309220796334557e-08,
          0.9995002746582031,
          -0.03161124885082245,
          0.509334921836853
        ],
        [
          -1.0000001192092896,
          0.0,
          2.3404863895848393e-06,
          -0.582360029220581
        ],
        [
          0.0,
          0.0,
          0.0,
          1.0
        ]
      ],
      "parent_rest_matrix_root_m": [
        [
          2.2946849306537676e-06,
          0.031611273793867745,
          0.9995002388013039,
          -0.03449999541044235
        ],
        [
          -6.353900702804616e-08,
          0.9995002388039382,
          -0.031611273793805406,
          0.509334921836853
        ],
        [
          -0.9999999999973654,
          9.030660885755992e-09,
          2.2955466850438366e-06,
          -0.582360029220581
        ],
        [
          0.0,
          0.0,
          0.0,
          1.0
        ]
      ],
      "parent_rigidization_frobenius_residual": 1.494909673423332e-07,
      "raw_rest_matrix_root_m": [
        [
          -2.521835540392203e-07,
          1.30385160446167e-07,
          1.0,
          -0.025760002434253693
        ],
        [
          2.089350203959839e-08,
          1.0,
          -7.82310962677002e-08,
          0.7856799364089966
        ],
        [
          -1.0000001192092896,
          1.4210854715202004e-14,
          -1.629207417863654e-07,
          -0.582360029220581
        ],
        [
          0.0,
          0.0,
          0.0,
          1.0
        ]
      ],
      "rest_matrix_root_m": [
        [
          -2.0755213578360632e-07,
          1.0430813046635734e-07,
          0.9999999999999734,
          -0.025760002434253693
        ],
        [
          1.0446768755612013e-08,
          0.9999999999999951,
          -1.0430812807937784e-07,
          0.7856799364089966
        ],
        [
          -0.9999999999999786,
          1.0446747022996306e-08,
          -2.0755213675505146e-07,
          -0.582360029220581
        ],
        [
          0.0,
          0.0,
          0.0,
          1.0
        ]
      ],
      "rigidization_frobenius_residual": 1.406167709757952e-07,
      "semantic": "right_wrist"
    },
    {
      "blender_name": "thigh_l",
      "parent_name": "pelvis",
      "parent_raw_rest_matrix_root_m": [
        [
          1.7871442992145603e-08,
          0.2818281352519989,
          0.959464967250824,
          1.862645149230957e-08
        ],
        [
          -1.0,
          -1.4210854715202004e-14,
          1.8626490572160037e-08,
          0.0
        ],
        [
          5.249418677522044e-09,
          -0.959464967250824,
          0.28182828426361084,
          -2.4885109706392072e-14
        ],
        [
          0.0,
          0.0,
          0.0,
          1.0
        ]
      ],
      "parent_rest_matrix_root_m": [
        [
          1.7871450571712782e-08,
          0.281828186761061,
          0.9594648889599734,
          1.862645149230957e-08
        ],
        [
          -1.0000000000000002,
          1.5155183584250327e-14,
          1.8626472038043442e-08,
          0.0
        ],
        [
          5.249450275703283e-09,
          -0.9594648889599734,
          0.281828186761061,
          -2.4885109706392072e-14
        ],
        [
          0.0,
          0.0,
          0.0,
          1.0
        ]
      ],
      "parent_rigidization_frobenius_residual": 1.5626530413132533e-07,
      "raw_rest_matrix_root_m": [
        [
          2.5993830377046834e-07,
          -0.00023323297500610352,
          -0.9999991655349731,
          0.008050011470913887
        ],
        [
          -1.0,
          5.2453215104719675e-09,
          -2.5993932695200783e-07,
          -0.10418999940156937
        ],
        [
          5.305906825014972e-09,
          1.0000001192092896,
          -0.00023314356803894043,
          -0.02541493810713291
        ],
        [
          0.0,
          0.0,
          0.0,
          1.0
        ]
      ],
      "rest_matrix_root_m": [
        [
          2.599383053805633e-07,
          -0.00023318834857797427,
          -0.9999999728115632,
          0.008050011470913887
        ],
        [
          -0.9999999999999668,
          5.245312203956609e-09,
          -2.5993953520901024e-07,
          -0.10418999940156937
        ],
        [
          5.305926943777162e-09,
          0.999999972811597,
          -0.0002331883485763367,
          -0.02541493810713291
        ],
        [
          0.0,
          0.0,
          0.0,
          1.0
        ]
      ],
      "rigidization_frobenius_residual": 8.228758058104602e-07,
      "semantic": "left_hip"
    },
    {
      "blender_name": "thigh_r",
      "parent_name": "pelvis",
      "parent_raw_rest_matrix_root_m": [
        [
          1.7871442992145603e-08,
          0.2818281352519989,
          0.959464967250824,
          1.862645149230957e-08
        ],
        [
          -1.0,
          -1.4210854715202004e-14,
          1.8626490572160037e-08,
          0.0
        ],
        [
          5.249418677522044e-09,
          -0.959464967250824,
          0.28182828426361084,
          -2.4885109706392072e-14
        ],
        [
          0.0,
          0.0,
          0.0,
          1.0
        ]
      ],
      "parent_rest_matrix_root_m": [
        [
          1.7871450571712782e-08,
          0.281828186761061,
          0.9594648889599734,
          1.862645149230957e-08
        ],
        [
          -1.0000000000000002,
          1.5155183584250327e-14,
          1.8626472038043442e-08,
          0.0
        ],
        [
          5.249450275703283e-09,
          -0.9594648889599734,
          0.281828186761061,
          -2.4885109706392072e-14
        ],
        [
          0.0,
          0.0,
          0.0,
          1.0
        ]
      ],
      "parent_rigidization_frobenius_residual": 1.5626530413132533e-07,
      "raw_rest_matrix_root_m": [
        [
          2.5993830377046834e-07,
          -0.00023323297500610352,
          -0.9999991655349731,
          0.008050015196204185
        ],
        [
          -1.0,
          5.2453215104719675e-09,
          -2.5993932695200783e-07,
          0.10418999940156937
        ],
        [
          5.305906825014972e-09,
          1.0000001192092896,
          -0.00023314356803894043,
          -0.025414936244487762
        ],
        [
          0.0,
          0.0,
          0.0,
          1.0
        ]
      ],
      "rest_matrix_root_m": [
        [
          2.599383053805633e-07,
          -0.00023318834857797427,
          -0.9999999728115632,
          0.008050015196204185
        ],
        [
          -0.9999999999999668,
          5.245312203956609e-09,
          -2.5993953520901024e-07,
          0.10418999940156937
        ],
        [
          5.305926943777162e-09,
          0.999999972811597,
          -0.0002331883485763367,
          -0.025414936244487762
        ],
        [
          0.0,
          0.0,
          0.0,
          1.0
        ]
      ],
      "rigidization_frobenius_residual": 8.228758058104602e-07,
      "semantic": "right_hip"
    },
    {
      "blender_name": "calf_l",
      "parent_name": "thigh_l",
      "parent_raw_rest_matrix_root_m": [
        [
          2.5993830377046834e-07,
          -0.00023323297500610352,
          -0.9999991655349731,
          0.008050011470913887
        ],
        [
          -1.0,
          5.2453215104719675e-09,
          -2.5993932695200783e-07,
          -0.10418999940156937
        ],
        [
          5.305906825014972e-09,
          1.0000001192092896,
          -0.00023314356803894043,
          -0.02541493810713291
        ],
        [
          0.0,
          0.0,
          0.0,
          1.0
        ]
      ],
      "parent_rest_matrix_root_m": [
        [
          2.599383053805633e-07,
          -0.00023318834857797427,
          -0.9999999728115632,
          0.008050011470913887
        ],
        [
          -0.9999999999999668,
          5.245312203956609e-09,
          -2.5993953520901024e-07,
          -0.10418999940156937
        ],
        [
          5.305926943777162e-09,
          0.999999972811597,
          -0.0002331883485763367,
          -0.02541493810713291
        ],
        [
          0.0,
          0.0,
          0.0,
          1.0
        ]
      ],
      "parent_rigidization_frobenius_residual": 8.228758058104602e-07,
      "raw_rest_matrix_root_m": [
        [
          -9.196719474857673e-08,
          -0.11203425377607346,
          -0.9937035441398621,
          0.007934999652206898
        ],
        [
          -1.0,
          0.0,
          9.255032296096033e-08,
          -0.10418999940156937
        ],
        [
          -1.0368830238860482e-08,
          0.9937044382095337,
          -0.11203427612781525,
          0.46770504117012024
        ],
        [
          0.0,
          0.0,
          0.0,
          1.0
        ]
      ],
      "rest_matrix_root_m": [
        [
          -9.196746295633794e-08,
          -0.1120343042423903,
          -0.9937043396669429,
          0.007934999652206898
        ],
        [
          -0.9999999999999958,
          -3.264954218661835e-14,
          9.255013067119919e-08,
          -0.10418999940156937
        ],
        [
          -1.0368821936614067e-08,
          0.993704339666947,
          -0.11203430424238989,
          0.46770504117012024
        ],
        [
          0.0,
          0.0,
          0.0,
          1.0
        ]
      ],
      "rigidization_frobenius_residual": 8.036860433246478e-07,
      "semantic": "left_knee"
    },
    {
      "blender_name": "calf_r",
      "parent_name": "thigh_r",
      "parent_raw_rest_matrix_root_m": [
        [
          2.5993830377046834e-07,
          -0.00023323297500610352,
          -0.9999991655349731,
          0.008050015196204185
        ],
        [
          -1.0,
          5.2453215104719675e-09,
          -2.5993932695200783e-07,
          0.10418999940156937
        ],
        [
          5.305906825014972e-09,
          1.0000001192092896,
          -0.00023314356803894043,
          -0.025414936244487762
        ],
        [
          0.0,
          0.0,
          0.0,
          1.0
        ]
      ],
      "parent_rest_matrix_root_m": [
        [
          2.599383053805633e-07,
          -0.00023318834857797427,
          -0.9999999728115632,
          0.008050015196204185
        ],
        [
          -0.9999999999999668,
          5.245312203956609e-09,
          -2.5993953520901024e-07,
          0.10418999940156937
        ],
        [
          5.305926943777162e-09,
          0.999999972811597,
          -0.0002331883485763367,
          -0.025414936244487762
        ],
        [
          0.0,
          0.0,
          0.0,
          1.0
        ]
      ],
      "parent_rigidization_frobenius_residual": 8.228758058104602e-07,
      "raw_rest_matrix_root_m": [
        [
          -9.196719474857673e-08,
          -0.11203425377607346,
          -0.9937035441398621,
          0.007935003377497196
        ],
        [
          -1.0,
          0.0,
          9.255032296096033e-08,
          0.10418999940156937
        ],
        [
          -1.0368830238860482e-08,
          0.9937044382095337,
          -0.11203427612781525,
          0.46770504117012024
        ],
        [
          0.0,
          0.0,
          0.0,
          1.0
        ]
      ],
      "rest_matrix_root_m": [
        [
          -9.196746295633794e-08,
          -0.1120343042423903,
          -0.9937043396669429,
          0.007935003377497196
        ],
        [
          -0.9999999999999958,
          -3.264954218661835e-14,
          9.255013067119919e-08,
          0.10418999940156937
        ],
        [
          -1.0368821936614067e-08,
          0.993704339666947,
          -0.11203430424238989,
          0.46770504117012024
        ],
        [
          0.0,
          0.0,
          0.0,
          1.0
        ]
      ],
      "rigidization_frobenius_residual": 8.036860433246478e-07,
      "semantic": "right_knee"
    },
    {
      "blender_name": "foot_l",
      "parent_name": "calf_l",
      "parent_raw_rest_matrix_root_m": [
        [
          -9.196719474857673e-08,
          -0.11203425377607346,
          -0.9937035441398621,
          0.007934999652206898
        ],
        [
          -1.0,
          0.0,
          9.255032296096033e-08,
          -0.10418999940156937
        ],
        [
          -1.0368830238860482e-08,
          0.9937044382095337,
          -0.11203427612781525,
          0.46770504117012024
        ],
        [
          0.0,
          0.0,
          0.0,
          1.0
        ]
      ],
      "parent_rest_matrix_root_m": [
        [
          -9.196746295633794e-08,
          -0.1120343042423903,
          -0.9937043396669429,
          0.007934999652206898
        ],
        [
          -0.9999999999999958,
          -3.264954218661835e-14,
          9.255013067119919e-08,
          -0.10418999940156937
        ],
        [
          -1.0368821936614067e-08,
          0.993704339666947,
          -0.11203430424238989,
          0.46770504117012024
        ],
        [
          0.0,
          0.0,
          0.0,
          1.0
        ]
      ],
      "parent_rigidization_frobenius_residual": 8.036860433246478e-07,
      "raw_rest_matrix_root_m": [
        [
          -1.3357556838400342e-08,
          0.893923282623291,
          -0.4482181966304779,
          -0.051175013184547424
        ],
        [
          -1.0,
          -7.105427357601002e-15,
          2.980230462412692e-08,
          -0.10418999940156937
        ],
        [
          2.6640980976821993e-08,
          0.44821861386299133,
          0.8939241170883179,
          0.9919900894165039
        ],
        [
          0.0,
          0.0,
          0.0,
          1.0
        ]
      ],
      "rest_matrix_root_m": [
        [
          -1.3357760040585249e-08,
          0.8939240038052971,
          -0.44821855764873125,
          -0.051175013184547424
        ],
        [
          -1.0,
          1.60396594191207e-13,
          2.9802208476293103e-08,
          -0.10418999940156937
        ],
        [
          2.664098141612852e-08,
          0.44821855764873125,
          0.893924003805296,
          0.9919900894165039
        ],
        [
          0.0,
          0.0,
          0.0,
          1.0
        ]
      ],
      "rigidization_frobenius_residual": 8.163521000577321e-07,
      "semantic": "left_ankle"
    },
    {
      "blender_name": "foot_r",
      "parent_name": "calf_r",
      "parent_raw_rest_matrix_root_m": [
        [
          -9.196719474857673e-08,
          -0.11203425377607346,
          -0.9937035441398621,
          0.007935003377497196
        ],
        [
          -1.0,
          0.0,
          9.255032296096033e-08,
          0.10418999940156937
        ],
        [
          -1.0368830238860482e-08,
          0.9937044382095337,
          -0.11203427612781525,
          0.46770504117012024
        ],
        [
          0.0,
          0.0,
          0.0,
          1.0
        ]
      ],
      "parent_rest_matrix_root_m": [
        [
          -9.196746295633794e-08,
          -0.1120343042423903,
          -0.9937043396669429,
          0.007935003377497196
        ],
        [
          -0.9999999999999958,
          -3.264954218661835e-14,
          9.255013067119919e-08,
          0.10418999940156937
        ],
        [
          -1.0368821936614067e-08,
          0.993704339666947,
          -0.11203430424238989,
          0.46770504117012024
        ],
        [
          0.0,
          0.0,
          0.0,
          1.0
        ]
      ],
      "parent_rigidization_frobenius_residual": 8.036860433246478e-07,
      "raw_rest_matrix_root_m": [
        [
          -1.3357556838400342e-08,
          0.893923282623291,
          -0.4482181966304779,
          -0.051175009459257126
        ],
        [
          -1.0,
          -7.105427357601002e-15,
          2.980230462412692e-08,
          0.10418999940156937
        ],
        [
          2.6640980976821993e-08,
          0.44821861386299133,
          0.8939241170883179,
          0.9919900894165039
        ],
        [
          0.0,
          0.0,
          0.0,
          1.0
        ]
      ],
      "rest_matrix_root_m": [
        [
          -1.3357760040585249e-08,
          0.8939240038052971,
          -0.44821855764873125,
          -0.051175009459257126
        ],
        [
          -1.0,
          1.60396594191207e-13,
          2.9802208476293103e-08,
          0.10418999940156937
        ],
        [
          2.664098141612852e-08,
          0.44821855764873125,
          0.893924003805296,
          0.9919900894165039
        ],
        [
          0.0,
          0.0,
          0.0,
          1.0
        ]
      ],
      "rigidization_frobenius_residual": 8.163521000577321e-07,
      "semantic": "right_ankle"
    },
    {
      "blender_name": "boot_bind_l",
      "parent_name": "foot_l",
      "parent_raw_rest_matrix_root_m": [
        [
          -1.3357556838400342e-08,
          0.893923282623291,
          -0.4482181966304779,
          -0.051175013184547424
        ],
        [
          -1.0,
          -7.105427357601002e-15,
          2.980230462412692e-08,
          -0.10418999940156937
        ],
        [
          2.6640980976821993e-08,
          0.44821861386299133,
          0.8939241170883179,
          0.9919900894165039
        ],
        [
          0.0,
          0.0,
          0.0,
          1.0
        ]
      ],
      "parent_rest_matrix_root_m": [
        [
          -1.3357760040585249e-08,
          0.8939240038052971,
          -0.44821855764873125,
          -0.051175013184547424
        ],
        [
          -1.0,
          1.60396594191207e-13,
          2.9802208476293103e-08,
          -0.10418999940156937
        ],
        [
          2.664098141612852e-08,
          0.44821855764873125,
          0.893924003805296,
          0.9919900894165039
        ],
        [
          0.0,
          0.0,
          0.0,
          1.0
        ]
      ],
      "parent_rigidization_frobenius_residual": 8.163521000577321e-07,
      "raw_rest_matrix_root_m": [
        [
          0.09419652819633484,
          0.9517362713813782,
          -0.2921016216278076,
          0.030590001493692398
        ],
        [
          -0.9517369866371155,
          -8.114620086985269e-10,
          -0.3069147765636444,
          -0.10418999940156937
        ],
        [
          -0.29210224747657776,
          0.3069145083427429,
          0.9058035016059875,
          1.0329875946044922
        ],
        [
          0.0,
          0.0,
          0.0,
          1.0
        ]
      ],
      "rest_matrix_root_m": [
        [
          0.09419659870088985,
          0.9517370959372747,
          -0.29210186752238826,
          0.030590001493692398
        ],
        [
          -0.9517369944095742,
          2.0494320459446547e-09,
          -0.30691479839237223,
          -0.10418999940156937
        ],
        [
          -0.29210219832348744,
          0.30691448355671225,
          0.9058034033484875,
          1.0329875946044922
        ],
        [
          0.0,
          0.0,
          0.0,
          1.0
        ]
      ],
      "rigidization_frobenius_residual": 8.709520438713068e-07,
      "semantic": "left_boot"
    },
    {
      "blender_name": "boot_bind_r",
      "parent_name": "foot_r",
      "parent_raw_rest_matrix_root_m": [
        [
          -1.3357556838400342e-08,
          0.893923282623291,
          -0.4482181966304779,
